# bidisperse granular particles

76 atoms

Atoms # sphere
atoms_style sphere
1 1 1.40 1.0 4.8997 2.4727 0.0000
2 1 1.00 1.0 -3.2514 1.9855 0.0000
3 1 1.00 1.0 -0.2342 0.4989 -0.0000
4 1 1.00 1.0 -0.0400 0.7061 -0.0000
5 1 1.00 1.0 -3.7720 0.0723 0.0000
6 1 1.00 1.0 2.9480 4.2422 -0.0000
7 1 1.00 1.0 -0.6421 4.0646 0.0000
8 1 1.00 1.0 -4.6844 -1.4200 -0.0000
9 1 1.00 1.0 -0.5406 -3.3175 0.0000
10 1 1.00 1.0 -3.3875 4.4245 0.0000
11 1 1.00 1.0 3.7877 2.3673 -0.0000
12 1 1.00 1.0 1.5824 0.1371 -0.0000
13 1 1.00 1.0 0.1942 -0.4428 -0.0000
14 1 1.40 1.0 -1.8570 2.0399 0.0000
15 1 1.40 1.0 -4.7962 -2.1566 0.0000
16 1 1.00 1.0 -4.4125 -2.2937 0.0000
17 1 1.00 1.0 1.3760 3.7529 -0.0000
18 1 1.00 1.0 2.4916 0.7796 0.0000
19 1 1.00 1.0 -3.9491 0.7943 0.0000
20 1 1.40 1.0 3.0596 2.3712 0.0000
21 1 1.40 1.0 -2.1793 4.6588 0.0000
22 1 1.00 1.0 4.7611 -2.6326 -0.0000
23 1 1.00 1.0 -0.9648 -4.1164 -0.0000
24 1 1.00 1.0 -0.8438 -4.1731 -0.0000
25 1 1.00 1.0 3.6278 -3.5067 -0.0000
26 1 1.00 1.0 -3.6781 4.9210 -0.0000
27 1 1.00 1.0 -2.7624 -3.8559 -0.0000
28 1 1.00 1.0 -3.4154 -0.7427 0.0000
29 1 1.00 1.0 -2.3953 3.9623 -0.0000
30 1 1.40 1.0 -0.5505 -3.0028 0.0000
31 1 1.00 1.0 -1.5549 -0.4306 0.0000
32 2 3.00 1.0 -1.2486 -4.8061 -0.0000
33 1 1.00 1.0 3.4671 2.7536 -0.0000
34 1 1.00 1.0 1.9990 -3.8913 -0.0000
35 1 1.00 1.0 0.7751 2.6483 -0.0000
36 1 1.00 1.0 2.2694 2.1048 0.0000
37 1 1.00 1.0 0.6915 -1.5670 -0.0000
38 1 1.00 1.0 3.6563 -3.8475 -0.0000
39 1 1.00 1.0 0.9268 2.8145 -0.0000
40 1 1.00 1.0 -1.2664 -0.8627 -0.0000
41 1 1.40 1.0 -4.7883 -1.4399 0.0000
42 1 1.40 1.0 -0.5089 -1.6254 0.0000
43 1 1.00 1.0 3.7313 -1.2613 0.0000
44 1 1.40 1.0 -3.3776 3.2835 0.0000
45 1 1.00 1.0 -1.2174 -3.5768 -0.0000
46 1 1.00 1.0 -2.6565 0.9958 -0.0000
47 1 1.00 1.0 -4.6858 -4.6493 -0.0000
48 1 1.00 1.0 2.8534 -1.4169 0.0000
49 1 1.00 1.0 2.5842 -3.8792 0.0000
50 1 1.40 1.0 -1.2894 -4.1834 0.0000
51 1 1.00 1.0 1.6990 0.3094 0.0000
52 1 1.00 1.0 1.3925 -2.1350 -0.0000
53 1 1.00 1.0 -4.2565 -3.8623 -0.0000
54 1 1.00 1.0 2.2469 3.0666 -0.0000
55 1 1.40 1.0 2.9044 -1.1747 0.0000
56 1 1.00 1.0 -4.0175 -2.9108 -0.0000
57 1 1.00 1.0 -0.6247 1.0649 0.0000
58 1 1.00 1.0 -2.3315 3.6339 -0.0000
59 1 1.00 1.0 -2.1116 2.5028 -0.0000
60 1 1.40 1.0 2.8997 -4.2058 0.0000
61 1 1.00 1.0 2.5277 3.3653 0.0000
62 1 1.00 1.0 -2.4478 1.7942 -0.0000
63 1 1.00 1.0 -4.7114 -3.7012 0.0000
64 1 1.40 1.0 -2.3007 -1.2830 0.0000
65 1 1.00 1.0 4.0062 -4.3558 0.0000
66 1 1.00 1.0 3.5033 -3.3865 -0.0000
67 1 1.40 1.0 2.0883 -3.3716 0.0000
68 1 1.40 1.0 -4.8219 0.7260 0.0000
69 1 1.00 1.0 -4.1853 3.7875 -0.0000
70 1 1.00 1.0 4.6798 -2.4346 -0.0000
71 1 1.00 1.0 4.8432 3.2649 0.0000
72 1 1.00 1.0 -3.4357 -3.1853 0.0000
73 1 1.40 1.0 1.5025 0.5962 0.0000
74 1 1.00 1.0 3.2934 4.3957 -0.0000
75 1 1.40 1.0 0.9892 2.1888 0.0000
76 2 3.00 1.0 3.2528 0.8646 0.0000
